6974561187
5859065338
5273623706
7874420860
7182098743
8155427719
6885348526
6076277161
4420974967
8458003085
6675204030
3756965553
2680402900
7864316739
7674481166
7827097309
5794225890
0889357665
2547268118
0769103804
0058183962
6072929730
6694726308
7012122438
8018200185
4633216868
6317842205
1952784912
4580123909
9920824055
6861251643
9089012304
2037229924
6842267331
6417520751
2017739624
3047266129
2036980087
1274149134
7841770304
2367168388
0100516649
0395774904
3391227057
8680854428
6245912303
0589624659
3372657001
0844337697
1929013478
6043401423
5411145806
8372473840
6030592634
9110225927
5012372856
9284433709
3106240743
6159407894
4084437929
8710455441
9025285966
3262607601
7088345819
1003744530
1838210972
0551585166
2994488831
9724747765
2627795523
3522163058
1655220926
6440340894
3217733230
0686400424
2808932133
7689374999
1970512854
2933846252
6284341750
6616897173
7942426353
5385931016
2955534361
8434899526
0790584605
3468943490
7962342214
0249299671
3252078637
6064318562
1645886974
1268695458
1319961739
9455256855
4691462207
2423311604
5213738535
0810988100
0444805965
6477972925
5538746778
7732132840
6265972177
7242037906
9742177384
6464962499
1837130040
6492812860
2268956116
2265190117
3815216692
6172260891
6165894036
7868382951
4351899090
3831311714
5921962379
7144423342
5808959033
6049257694
5681026380
7380205320
6912058717
3831954504
8776918551
5328623414
1646843413
8927829874
9473357898
3079855117
4187081978
5845290980
0327234867
7187086103
1517237555
5789424021
7947965575
0031777422
1911954378
6400196865
6651758611
0501618275
1311442238
