8918052751
2608049560
2426349690
1722840015
3445441428
6621255334
3537912935
7811465727
5038175809
4640353757
5276332016
0675605215
1537592989
8335089492
3982672193
9212163572
7570399440
6996173392
9860298656
0437467503
5824534883
3731951838
6329186048
3975620028
3566773057
8102130934
7846508521
4582379877
5588711827
4058810782
0290648835
5035809201
1536529818
0322318391
9642344267
6729691774
5070231060
4588912641
3207186566
9169382408
6664476932
2642571447
0406546708
7753191906
1437707041
9471027818
7972483506
2307397014
1281413395
3860201861
4066996899
2321484935
6742983261
5032921723
6580820234
7033422758
0015407892
1579853898
2687032227
2593065044
2729806105
1530235479
3045571175
7941021832
5698614361
5131698927
6180382687
8347221669
9303494586
2591721090
7931976054
1571812461
2181254355
3569856472
8877279417
5505621288
9156241109
3192811964
9399974202
0958582994
0459661977
3604891233
4439209698
2920906213
9421003426
7822963924
7762752594
0802934476
1663960454
8414601150
7609022561
3780398333
7371861179
4674578045
3843072827
1210316645
7814394398
8465862247
0793844608
2095444875
7605302528
4463767320
4603267854
4426976150
2950348282
2494731636
2907514359
4711945765
9198583867
6966840475
6327611489
9721801180
0517393332
8982645983
1033333664
6797646982
3831126616
2467810388
9450235045
4838960753
4782684832
6384527032
5701517792
1511771154
5494856571
9399663362
6779047184
5507984861
9540709065
4441347277
9439148526
7413686704
2488514561
4587494478
2624114985
3393377843
1889641010
8363996496
1490857531
8628884907
9037528387
0941226171
5707787179
1894778509
5209423240
