7980343254
7082039702
9514528816
0553242844
7293768129
3990179413
3771759748
9310296271
6390678337
3224412523
0320833667
4483060224
0456658089
8497480839
0954109889
0404122990
0535967024
0713774737
9658770365
2660839002
8513856950
3912296911
3671014403
7582639162
1909783768
9147973729
4775639011
8011374396
2737641021
6576935596
2161400532
9561887985
7753735357
2047829028
8684962294
0302226294
1651109557
2949115370
6802333738
3078778502
7242418735
7888973303
4479113980
0647319790
8763468488
1713791476
5120990611
7606769562
0587421078
2427256564
6277433185
8996838286
3976862932
8535292788
4723945138
5067040066
5392622956
5702601291
7811020190
6979455981
0689940120
5216631968
1882535477
4412061868
5920778144
5701137848
0814149162
3905110255
5913656215
7908972389
8960918709
1086926221
7860069649
1609218688
9189804917
8576590042
5623550183
5042460173
2803536052
6453247809
4523984897
8646167758
2915488533
1720267989
1929181645
3939440379
7068408953
6177126681
9475639616
4015190515
9529554372
9008217874
0620119300
1067333156
3404894046
9140702222
0096377095
8410799591
5863123396
2327441555
3086594774
2309922645
5436076534
2092283363
8954131851
4525470241
3780040070
6848872786
8002762126
1745761820
6717349115
4987795741
0185273629
3845976617
9922267052
4853123099
8265338074
5253772107
5823042580
4067163606
7274602838
7038447329
9418579750
7926858698
8567279541
7783601470
9966800236
8625463108
7916229311
9613244540
6499315854
7405251468
2780520353
6094200828
9081601983
9183019991
5223266948
5048995516
8627138405
5974866510
8205088760
9690864024
5858578094
4924357718
